function [tableA,tableB,tableC] = generateREBAtables()

% trunk, leg, neck
tableA(:,:,1) = [1	2	3	4;
    2	3	4	5;
    2	4	5	6;
    3	5	6	7;
    4	6	7	8];

tableA(:,:,2) = [1	2	3	5;
    3	4	5	6;
    4	5	6	7;
    5	6	7	8;
    6	7	8	9];

tableA(:,:,3) = [3	3	5	6
    4	5	6	7
    5	6	7	8
    6	7	8	9
    7	8	9	9];

% upper arm, wrist, lower arm
tableB(:,:,1) = [1	2	2;
    1	2	3;
    3	4	5;
    4	5	5;
    6	7	8;
    7	8	8];
tableB(:,:,2) = [1	2	3;
    2	3	4;
    4	5	5;
    5	6	7;
    7	8	8;
    8	9	9];

% score A, score B
tableC = [1	1	1	2	3	3	4	5	6	7	7	7;
    1	2	2	3	4	4	5	6	6	7	7	8;
    2	3	3	3	4	5	6	7	7	8	8	8;
    3	4	4	4	5	6	7	8	8	9	9	9;
    4	4	4	5	6	7	8	8	9	9	9	9;
    6	6	6	7	8	8	9	9	10	10	10	10;
    7	7	7	8	9	9	9	10	10	11	11	11;
    8	8	8	9	10	10	10	10	10	11	11	11;
    9	9	9	10	10	10	11	11	11	12	12	12;
    10	10	10	11	11	11	11	12	12	12	12	12;
    11	11	11	11	11	12	12	12	12	12	12	12;
    12	12	12	12	12	12	12	12	12	12	12	12];

end
